              precision    recall  f1-score   support

         C01       0.00      0.00      0.00         0
        C02.       0.00      0.00      0.00         8
        C04.       0.00      0.00      0.00         0
        C09.       0.00      0.00      0.00         2
        C10.       0.89      0.62      0.73        13
        C13.       0.00      0.00      0.00         8
        C32.       0.51      1.00      0.68        22
        C77.       0.00      0.00      0.00         3

   micro avg       0.58      0.54      0.56        56
   macro avg       0.18      0.20      0.18        56
weighted avg       0.41      0.54      0.43        56
 samples avg       0.56      0.55      0.55        56
