              precision    recall  f1-score   support

       C77.0       0.00      0.00      0.00         3
       C32.0       0.69      1.00      0.81        11
       C02.1       0.64      0.88      0.74         8
       C10.8       0.55      0.85      0.67        13
       C13.8       0.58      0.88      0.70         8
       C32.8       0.42      0.83      0.56         6
       C04.0       0.00      0.00      0.00         0
         C01       0.00      0.00      0.00         0
         C12       0.00      0.00      0.00         0
       C06.0       0.00      0.00      0.00         0

   micro avg       0.57      0.84      0.68        49
   macro avg       0.29      0.44      0.35        49
weighted avg       0.55      0.84      0.66        49
 samples avg       0.63      0.84      0.70        49
